1,1775 2,6688 -0,3699 0,1463 1,2263 2,6389 -0,3211 0,1164
UNKNOWN
-0,0150 -3,2125 -0,4460 -0,8879 -0,1200 -3,2320 -0,5511 -0,9073
UNKNOWN
-0,7212 -2,1854 -0,7761 -0,2645 -0,7690 -2,1868 -0,8239 -0,2658
UNKNOWN
-1,0196 -2,4791 0,2476 -0,7116 -1,0743 -2,4399 0,1929 -0,6724
UNKNOWN
1,4932 -1,1415 0,9203 -0,5817 1,4508 -1,1849 0,8779 -0,6251
UNKNOWN
2,0188 0,2624 -0,2711 -0,0987 2,0317 0,1809 -0,2582 -0,1802
UNKNOWN
0,9954 -2,0603 0,8726 -0,2875 0,9400 -2,0642 0,8172 -0,2914
UNKNOWN
1,2064 1,4064 0,4500 0,7021 1,2670 1,3413 0,5106 0,6371
UNKNOWN
